6
5
11
6
20
19
17
5
13
15
11
2
10
4
8
19
20
14
22
5
21
21
21
15
4
3
19
20
20
17
23
4
1
6
1
9
8
23
15
21
7
8
3
13
3
8
1
9
13
23
7
11
10
20
16
7
0
8
15
21
4
21
8
15
8
15
16
14
6
16
17
2
22
19
11
15
22
17
2
9
8
2
1
16
18
0
1
8
18
14
5
6
23
17
5
7
7
13
14
19
7
21
5
11
5
10
9
12
9
3
14
14
2
20
17
21
0
9
18
3
16
15
14
5
13
22
20
8
4
7
7
5
13
19
21
21
12
23
18
13
4
23
21
18
15
0
19
0
10
15
0
19
7
8
6
13
16
16
7
15
10
16
16
6
23
14
2
1
21
14
23
23
2
8
0
0
5
9
15
21
3
8
6
9
4
17
1
16
3
5
22
0
4
20
21
19
10
3
21
11
15
16
16
0
11
3
6
1
0
16
3
8
20
19
20
9
0
2
8
23
13
18
8
8
6
20
14
14
8
21
17
14
13
0
17
5
17
13
18
14
11
11
21
10
14
6
10
22
13
20
3
13
20
16
9
14
23
7
11
20
15
8
12
6
22
8
22
21
0
4
2
19
8
20
17
13
19
22
19
19
0
0
21
3
6
3
10
21
20
4
11
12
20
9
0
23
15
8
11
19
17
6
5
21
10
9
21
12
20
21
11
8
13
13
6
18
5
16
17
6
5
0
13
14
15
0
20
9
23
19
1
15
6
15
20
11
2
0
17
9
22
8
19
17
2
9
6
9
4
13
0
10
8
16
13
9
19
7
22
17
19
23
17
4
16
2
10
15
20
1
10
20
7
8
17
10
0
16
16
23
16
1
10
22
4
1
17
14
17
16
5
2
4
6
2
2
2
13
20
9
9
8
20
5
9
8
11
19
17
13
21
10
22
5
2
21
15
3
8
7
5
9
17
0
23
16
20
16
15
22
2
10
12
5
2
6
14
16
4
21
3
0
5
18
11
17
12
19
2
14
15
18
11
4
18
10
20
22
11
23
14
13
12
16
7
17
12
6
10
7
16
16
6
8
12
9
11
8
17
23
15
15
12
21
6
11
18
13
0
7
15
21
8
22
0
1
21
5
23
4
1
4
10
19
2
6
13
16
21
10
11
21
22
16
8
9
5
10
1
21
7
13
18
10
5
0
18
7
9
23
8
13
8
7
11
6
1
15
5
12
1
19
13
8
8
4
14
10
10
1
19
9
0
12
13
3
6
21
6
7
8
18
9
23
3
19
7
7
22
5
1
13
10
11
16
10
11
12
16
11
1
17
0
6
8
2
7
13
4
2
18
0
3
12
21
8
18
11
23
21
18
22
20
21
12
23
13
23
1
20
17
11
4
4
1
0
22
20
18
3
3
23
18
20
4
6
7
3
2
3
2
14
2
0
10
10
20
20
8
10
6
0
9
15
14
19
21
3
18
4
20
12
0
17
19
10
4
7
7
7
8
1
12
8
22
23
19
12
11
1
3
15
6
22
11
0
10
0
3
10
19
16
0
15
6
7
7
0
5
6
14
11
7
7
22
11
19
18
0
4
12
8
5
